Machine model: Mac16,1
OS version: 26A428
Boot arguments: 
Boot time: Mon Sep 14 21:43:09 2026



*** Sampled system activity (Wed Sep 16 07:22:25 2026 +0200) (1009.98ms elapsed) ***

*** Running tasks ***

Name                               ID     CPU ms/s  samp ms/s  User%  Deadlines (<2 ms, 2-5 ms)  Wakeups (Intr, Pkg idle)  GPU ms/s
appstoreagent                      1237   957.56    958.08     62.99  0.00    0.00               0.00    0.00              0.00      
iTerm2                             5363   351.70    351.89     86.20  14.84   0.00               136.56  0.00              0.00      
launchd                            1      295.72    295.89     31.78  0.00    0.00               0.00    0.00              0.00      
mediaanalysisd                     1244   234.92    235.05     96.44  0.00    0.00               0.99    0.00              0.00      
powermetrics                       8581   8.69      8.69       10.04  0.00    0.00               0.99    0.00              0.00      
WindowServer                       601    114.50    114.56     70.42  37.60   0.00               343.38  0.00              0.00      
coreaudiod                         749    79.04     79.08      95.15  0.00    0.00               187.03  0.00              0.00      
kernel_task                        0      23.36     23.37      0.00   468.07  0.00               1099.42 0.00              0.00      
DEAD_TASKS                         -1     35.04     35.04      43.26  0.00    0.00               0.00    0.00              0.00      
GravityDigits                      59802  41.97     42.00      90.85  0.00    0.00               104.89  0.00              0.00      
corespeechd                        1265   38.53     38.55      91.38  0.00    0.00               0.00    0.00              0.00      
spotlightknowledged.updater        83354  3.85      3.85       62.03  0.00    0.00               0.00    0.00              0.00      
codex                              4596   16.45     16.46      73.85  4.95    3.96               44.53   0.00              0.00      
com.nordvpn.macos.Shield           820    25.07     25.09      64.50  102.92  0.00               396.82  0.00              0.00      
backboardd                         59391  19.59     19.60      69.24  0.00    0.00               0.99    0.00              0.00      
WindowManager                      941    12.74     12.74      91.55  0.00    0.00               0.00    0.00              0.00      
logd                               529    16.02     16.03      34.95  0.00    0.00               0.00    0.00              0.00      
diagnosticd                        59423  8.85      8.86       53.55  0.00    0.00               0.00    0.00              0.00      
SimRenderServer                    59361  11.18     11.18      50.88  0.00    0.00               0.99    0.00              0.00      
corespotlightd                     1035   2.52      2.52       67.05  0.00    0.00               0.00    0.00              0.00      
mdworker_shared                    8569   5.72      5.72       68.26  0.00    0.00               0.00    0.00              0.00      
SimMetalHost                       59362  9.12      9.13       47.46  0.00    0.00               0.99    0.00              0.00      
spotlightknowledged.importer       2170   4.48      4.48       55.91  0.00    0.00               0.00    0.00              0.00      
SimMetalHost                       59364  8.57      8.58       45.86  0.00    0.00               0.99    0.00              0.00      
diagnosticd                        56287  5.16      5.16       66.27  0.00    0.00               0.00    0.00              0.00      
pidinfo                            5364   2.96      2.96       61.01  0.00    0.00               0.00    0.00              0.00      
trustd                             635    3.02      3.02       92.96  0.00    0.00               0.00    0.00              0.00      
com.apple.CodeSigningHelper        702    2.38      2.38       24.15  0.00    0.00               0.00    0.00              0.00      
com.apple.DriverKit-AppleBCMWLAN   729    4.29      4.29       72.06  0.00    0.00               37.60   0.00              0.00      
mds_stores                         857    5.07      5.07       89.51  0.00    0.00               0.00    0.00              0.00      
SetStoreUpdateService              5365   0.34      0.34       42.09  0.00    0.00               0.00    0.00              0.00      
corespeechd                        59563  3.14      3.14       74.04  0.00    0.00               9.90    0.00              0.00      
Python                             6334   1.87      1.87       21.88  1.98    0.00               2.97    0.00              0.00      
mds                                558    1.75      1.75       53.46  0.00    0.00               2.97    0.00              0.00      
sysextd                            634    1.39      1.39       72.67  0.00    0.00               0.00    0.00              0.00      
clocksyncd                         660    1.39      1.39       49.25  0.00    0.00               0.00    0.00              0.00      
ControlCenter                      1277   1.41      1.41       63.95  0.00    0.00               0.99    0.00              0.00      
notifyd                            595    1.50      1.51       68.44  0.00    0.00               0.00    0.00              0.00      
cfprefsd                           848    1.07      1.07       52.75  0.00    0.00               0.00    0.00              0.00      
FireWally                          2364   1.12      1.12       26.76  0.00    0.00               0.99    0.00              0.00      
opendirectoryd                     570    1.45      1.45       36.03  0.00    0.00               0.00    0.00              0.00      
securityd                          575    1.01      1.01       58.63  0.00    0.00               0.00    0.00              0.00      
DeepL                              2410   1.11      1.11       75.68  0.00    0.00               11.87   0.00              0.00      
NordVPN                            2368   1.11      1.12       67.26  0.00    0.00               44.53   0.00              0.00      
fseventsd                          534    0.86      0.86       29.10  0.00    0.00               5.94    0.00              0.00      
corebrightnessd                    597    0.79      0.79       51.28  0.00    0.00               0.99    0.00              0.00      
airportd                           671    0.66      0.66       51.38  0.00    0.00               1.98    0.00              0.00      
cfprefsd                           604    0.57      0.57       45.93  0.00    0.00               0.00    0.00              0.00      
Finder                             2317   0.30      0.30       53.02  0.00    0.00               0.00    0.00              0.00      
assistantd                         59372  0.33      0.33       38.25  0.00    0.00               9.90    0.00              0.00      
fileproviderd                      1002   0.38      0.38       62.46  0.00    0.00               4.95    0.00              0.00      
Carousel                           59370  0.33      0.33       34.20  0.00    0.00               9.90    0.00              0.00      
logd                               59369  0.37      0.37       53.90  0.00    0.00               0.00    0.00              0.00      
NTKFaceSnapshotService             59821  0.19      0.19       37.39  0.00    0.00               5.94    0.00              0.00      
contextstored                      568    0.18      0.18       68.40  0.00    0.00               0.00    0.00              0.00      
WirelessRadioManagerd              706    0.14      0.14       57.09  0.00    0.00               0.00    0.00              0.00      
locationd                          577    0.19      0.19       53.40  0.00    0.00               1.98    0.00              0.00      
sharingd                           997    0.14      0.14       70.69  0.00    0.00               0.00    0.00              0.00      
PerfPowerServices                  587    0.16      0.16       71.32  0.00    0.00               0.00    0.00              0.00      
gamecontrollerd                    930    0.12      0.12       27.29  0.00    0.00               1.98    0.00              0.00      
duetexpertd                        1133   0.14      0.14       67.83  0.00    0.00               0.00    0.00              0.00      
amsengagementd                     1205   0.11      0.11       35.25  0.00    0.00               0.99    0.00              0.00      
wifip2pd                           800    0.11      0.11       48.90  0.00    0.00               0.00    0.00              0.00      
Google Drive                       2419   0.19      0.19       60.77  0.00    0.00               2.97    0.00              0.00      
appstored                          1247   0.13      0.13       28.23  0.00    0.00               0.99    0.00              0.00      
heard                              2331   0.07      0.07       62.41  0.00    0.00               0.99    0.00              0.00      
nsurlsessiond                      59437  0.10      0.10       25.91  0.00    0.00               0.99    0.00              0.00      
locationd                          59395  0.11      0.11       67.11  0.00    0.00               0.99    0.00              0.00      
sharingd                           59393  0.08      0.08       66.65  0.00    0.00               0.99    0.00              0.00      
watchgesturesd                     59737  0.08      0.08       59.33  0.00    0.00               0.99    0.00              0.00      
thermalmonitord                    567    0.06      0.06       54.75  0.00    0.00               0.99    0.00              0.00      
nsurlsessiond                      655    0.05      0.05       25.26  0.00    0.00               0.99    0.00              0.00      
AOUMonitor                         2336   0.06      0.06       63.39  0.00    0.00               2.97    0.00              0.00      
jetpackassetd                      59470  0.04      0.04       16.10  0.00    0.00               0.99    0.00              0.00      
mdworker_shared                    8567   0.06      0.06       22.24  0.00    0.00               0.99    0.00              0.00      
cameracaptured                     747    0.03      0.03       31.82  0.00    0.00               1.98    0.00              0.00      
1Password Helper                   2430   0.03      0.03       23.34  0.00    0.00               0.99    0.00              0.00      
loginwindow                        605    0.03      0.03       22.58  0.00    0.00               0.99    0.00              0.00      
WallpaperMacintoshExtension        1136   0.03      0.03       23.43  0.00    0.00               0.99    0.00              0.00      
appstored                          59785  0.03      0.03       23.00  0.00    0.00               0.99    0.00              0.00      
siriactionsd                       986    0.03      0.03       23.82  0.00    0.00               0.99    0.00              0.00      
transparencyd                      1006   0.03      0.03       23.68  0.00    0.00               0.99    0.00              0.00      
visualintelligenced                2618   0.03      0.03       22.50  0.00    0.00               0.99    0.00              0.00      
iconservicesagent                  1102   0.02      0.02       26.38  0.00    0.00               0.99    0.00              0.00      
iconservicesagent                  1056   0.02      0.02       25.09  0.00    0.00               0.99    0.00              0.00      
com.apple.WebKit.GPU               2434   0.02      0.02       21.76  0.00    0.00               0.99    0.00              0.00      
launchservicesd                    572    0.02      0.02       41.60  0.00    0.00               0.00    0.00              0.00      
mDNSResponderHelper                696    0.02      0.02       47.40  0.00    0.00               0.99    0.00              0.00      
1Password                          2390   0.02      0.02       77.22  0.00    0.00               0.99    0.00              0.00      
lskdd                              45935  0.01      0.01       56.07  0.00    0.00               0.99    0.00              0.00      
com.apple.audio.Core-Audio-Drive   760    0.01      0.01       27.67  0.00    0.00               0.99    0.00              0.00      
ALL_TASKS                          -2     2376.49   2376.49    66.99  630.71  3.96               2507.97 0.00              0.00      


*** Sampled system activity (Wed Sep 16 07:22:26 2026 +0200) (1012.25ms elapsed) ***

*** Running tasks ***

Name                               ID     CPU ms/s  samp ms/s  User%  Deadlines (<2 ms, 2-5 ms)  Wakeups (Intr, Pkg idle)  GPU ms/s
appstoreagent                      1237   959.19    958.71     62.47  0.00    0.00               0.00    0.00              0.00      
iTerm2                             5363   375.27    375.08     87.31  8.90    0.00               141.34  0.00              0.00      
launchd                            1      348.25    348.08     26.73  0.00    0.00               0.99    0.00              0.00      
WindowServer                       601    116.35    116.29     70.95  38.55   0.99               334.08  0.00              0.00      
kernel_task                        0      27.08     27.06      0.00   468.50  0.00               1137.65 0.00              0.00      
coreaudiod                         749    81.65     81.61      95.17  0.00    0.00               187.80  0.00              0.00      
runningboardd                      606    35.74     35.73      92.82  0.00    0.00               0.00    0.00              0.00      
GravityDigits                      59802  41.02     41.00      90.62  0.00    0.00               105.76  0.00              0.00      
corespeechd                        1265   37.43     37.41      91.36  0.00    0.00               0.00    0.00              0.00      
powermetrics                       8581   7.94      7.93       10.26  0.00    0.00               0.99    0.00              0.00      
DEAD_TASKS                         -1     24.79     24.79      38.59  0.00    0.00               0.00    0.00              0.00      
spotlightknowledged.updater        83354  7.96      7.95       61.85  0.00    0.00               0.00    0.00              0.00      
codex                              4596   10.11     10.10      74.35  2.97    0.99               46.45   0.00              0.00      
WindowManager                      941    16.80     16.79      92.22  0.00    0.00               0.00    0.00              0.00      
backboardd                         59391  20.41     20.40      69.76  0.00    0.00               0.99    0.00              0.00      
remotepairingd                     4764   15.02     15.01      72.80  0.00    0.00               3.95    0.00              0.00      
logd                               529    16.79     16.78      35.75  0.00    0.00               0.00    0.00              0.00      
com.nordvpn.macos.Shield           820    18.56     18.55      55.17  86.98   0.00               380.53  0.00              0.00      
diagnosticd                        59423  11.53     11.53      54.23  0.00    0.00               0.00    0.00              0.00      
mDNSResponder                      652    9.11      9.11       90.22  6.92    0.99               8.90    0.00              0.00      
SimRenderServer                    59361  11.51     11.50      50.57  0.00    0.00               0.99    0.00              0.00      
diagnosticd                        56287  6.70      6.70       67.19  0.00    0.00               0.00    0.00              0.00      
corespotlightd                     1035   4.50      4.50       67.15  0.00    0.00               0.00    0.00              0.00      
SimMetalHost                       59362  9.77      9.77       47.43  0.00    0.00               0.99    0.00              0.00      
SimMetalHost                       59364  8.78      8.78       46.43  0.00    0.00               0.99    0.00              0.00      
pidinfo                            5364   3.69      3.69       62.26  0.00    0.00               0.00    0.00              0.00      
com.apple.CodeSigningHelper        702    3.04      3.04       24.11  0.00    0.00               0.00    0.00              0.00      
corespeechd                        59563  3.27      3.27       74.51  0.00    0.00               9.88    0.00              0.00      
sysextd                            634    1.98      1.97       75.32  0.00    0.00               0.00    0.00              0.00      
SetStoreUpdateService              5365   0.70      0.70       42.76  0.00    0.00               0.00    0.00              0.00      
clocksyncd                         660    1.30      1.30       49.94  0.00    0.00               0.00    0.00              0.00      
ControlCenter                      1277   1.32      1.32       64.32  0.00    0.00               0.99    0.00              0.00      
FireWally                          2364   1.22      1.22       24.43  0.00    0.00               0.99    0.00              0.00      
trustd                             635    1.29      1.29       89.01  0.00    0.00               0.00    0.00              0.00      
NordVPN                            2368   2.05      2.05       72.58  0.00    0.00               47.44   0.00              0.00      
notifyd                            595    1.47      1.47       71.36  0.00    0.00               0.00    0.00              0.00      
cfprefsd                           848    0.90      0.90       53.30  0.00    0.00               0.00    0.00              0.00      
locationd                          59395  1.36      1.36       72.59  0.00    0.00               2.97    0.00              0.00      
com.nektony.Firewall.NetworkMoni   832    1.77      1.77       39.70  0.00    0.00               0.00    0.00              0.00      
opendirectoryd                     570    1.49      1.49       38.64  0.00    0.00               0.00    0.00              0.00      
symptomsd                          673    0.94      0.94       47.76  0.00    0.00               0.00    0.00              0.00      
corebrightnessd                    597    0.86      0.85       52.47  0.00    0.00               0.99    0.00              0.00      
DeepL                              2410   1.01      1.01       72.67  0.00    0.00               11.86   0.00              0.00      
fseventsd                          534    0.91      0.91       24.67  0.00    0.00               3.95    0.00              0.00      
cfprefsd                           604    0.49      0.49       46.81  0.00    0.00               0.00    0.00              0.00      
com.apple.DriverKit-AppleBCMWLAN   729    0.66      0.66       72.40  0.00    0.00               8.90    0.00              0.00      
lsd                                658    0.47      0.46       67.17  0.00    0.00               0.00    0.00              0.00      
fileproviderd                      1002   0.38      0.38       60.45  0.00    0.00               4.94    0.00              0.00      
assistantd                         59372  0.36      0.36       39.48  0.00    0.00               9.88    0.00              0.00      
logd                               59369  0.38      0.38       50.79  0.00    0.00               0.00    0.00              0.00      
Carousel                           59370  0.34      0.34       35.32  0.00    0.00               9.88    0.00              0.00      
Finder                             2317   0.34      0.34       59.10  0.00    0.00               0.00    0.00              0.00      
watchdogd                          555    0.21      0.21       30.68  0.00    0.00               0.99    0.00              0.00      
mds                                558    0.28      0.28       52.51  0.00    0.00               3.95    0.00              0.00      
fskitd                             725    0.27      0.27       61.51  0.00    0.00               0.00    0.00              0.00      
airportd                           671    0.23      0.23       46.52  0.00    0.00               2.97    0.00              0.00      
launchservicesd                    572    0.27      0.27       52.49  0.00    0.00               0.00    0.00              0.00      
PerfPowerServices                  587    0.20      0.20       66.01  0.00    0.00               0.00    0.00              0.00      
nearbyd                            1031   0.15      0.15       29.92  0.00    0.00               0.99    0.00              0.00      
configd                            542    0.15      0.15       15.46  0.00    0.00               0.00    0.00              0.00      
DeviceFS                           4769   0.22      0.22       73.47  0.00    0.00               0.00    0.00              0.00      
NTKFaceSnapshotService             59821  0.17      0.17       43.82  0.00    0.00               4.94    0.00              0.00      
duetexpertd                        1133   0.18      0.18       69.21  0.00    0.00               0.00    0.00              0.00      
sharingd                           997    0.13      0.13       82.98  0.00    0.00               0.99    0.00              0.00      
amsaccountsd                       59409  0.15      0.15       48.60  0.00    0.00               0.99    0.00              0.00      
mobiletimerd                       1275   0.10      0.10       24.47  0.00    0.00               0.99    0.00              0.00      
itunescloudd                       1198   0.12      0.12       33.81  0.00    0.00               0.99    0.00              0.00      
heard                              2331   0.09      0.09       59.21  0.00    0.00               0.99    0.00              0.00      
axassetsd                          59380  0.08      0.08       61.67  0.00    0.00               0.99    0.00              0.00      
SafariBookmarksSyncAgent           1545   0.07      0.07       39.13  0.00    0.00               0.99    0.00              0.00      
Google Drive                       2419   0.11      0.11       75.24  0.00    0.00               1.98    0.00              0.00      
axassetsd                          1046   0.08      0.08       61.12  0.00    0.00               0.99    0.00              0.00      
locationd                          577    0.07      0.07       60.94  0.00    0.00               0.99    0.00              0.00      
servicetowerd                      59398  0.07      0.07       64.83  0.00    0.00               0.99    0.00              0.00      
thermalmonitord                    567    0.06      0.06       60.24  0.00    0.00               0.99    0.00              0.00      
softwareupdated                    735    0.08      0.08       70.45  0.00    0.00               0.99    0.00              0.00      
amsaccountsd                       1202   0.06      0.06       47.05  0.00    0.00               0.99    0.00              0.00      
mds_stores                         857    0.05      0.05       18.57  0.00    0.00               0.99    0.00              0.00      
remindd                            94776  0.06      0.06       39.86  0.00    0.00               0.99    0.00              0.00      
assistantd                         1128   0.07      0.07       49.72  0.00    0.00               0.99    0.00              0.00      
AOUMonitor                         2336   0.07      0.07       65.09  0.00    0.00               2.97    0.00              0.00      
cameracaptured                     747    0.04      0.04       31.28  0.00    0.00               1.98    0.00              0.00      
akd                                1020   0.05      0.05       62.16  0.00    0.00               0.99    0.00              0.00      
NotificationCenter                 1053   0.04      0.04       27.80  0.00    0.00               0.99    0.00              0.00      
jetpackassetd                      1032   0.03      0.03       18.70  0.00    0.00               0.99    0.00              0.00      
mdworker_shared                    8571   0.03      0.03       13.79  0.00    0.00               0.99    0.00              0.00      
mdworker_shared                    8572   0.03      0.03       25.54  0.00    0.00               0.99    0.00              0.00      
com.apple.MobileAsset.DownloadSe   59700  0.03      0.03       27.63  0.00    0.00               0.99    0.00              0.00      
SimStreamProcessorService          56220  0.03      0.03       23.04  0.00    0.00               0.99    0.00              0.00      
passd                              1043   0.03      0.03       25.80  0.00    0.00               0.99    0.00              0.00      
amsondevicestoraged                1359   0.03      0.03       19.03  0.00    0.00               0.99    0.00              0.00      
DockHelper                         4985   0.03      0.03       24.25  0.00    0.00               0.99    0.00              0.00      
com.apple.WebKit.GPU               57517  0.03      0.03       21.95  0.00    0.00               0.99    0.00              0.00      
com.apple.WebKit.Networking        2451   0.03      0.03       26.37  0.00    0.00               0.99    0.00              0.00      
lsd                                945    0.02      0.02       33.86  0.00    0.00               0.99    0.00              0.00      
mdworker_shared                    8570   0.02      0.02       17.91  0.00    0.00               0.99    0.00              0.00      
com.apple.dock.extra               2388   0.02      0.02       21.54  0.00    0.00               0.99    0.00              0.00      
nsurlsessiond                      59437  0.02      0.02       33.94  0.00    0.00               0.99    0.00              0.00      
mdworker_shared                    8569   0.02      0.02       31.75  0.00    0.00               0.99    0.00              0.00      
mDNSResponderHelper                696    0.02      0.02       53.07  0.00    0.00               0.99    0.00              0.00      
com.apple.audio.Core-Audio-Drive   760    0.01      0.01       29.55  0.00    0.00               0.99    0.00              0.00      
ALL_TASKS                          -2     2259.51   2259.51    62.92  612.50  2.96               2519.15 0.00              0.00      


*** Sampled system activity (Wed Sep 16 07:22:27 2026 +0200) (1009.67ms elapsed) ***

*** Running tasks ***

Name                               ID     CPU ms/s  samp ms/s  User%  Deadlines (<2 ms, 2-5 ms)  Wakeups (Intr, Pkg idle)  GPU ms/s
appstoreagent                      1237   959.71    959.67     62.27  0.00    0.00               0.00    0.00              0.00      
iTerm2                             5363   391.21    391.19     87.66  9.90    0.00               125.79  0.00              0.00      
launchd                            1      297.23    297.22     31.65  0.00    0.00               0.00    0.00              0.00      
WindowServer                       601    112.23    112.22     71.19  39.62   0.99               344.68  0.00              0.00      
coreaudiod                         749    82.20     82.20      95.10  0.00    0.00               188.19  0.00              0.00      
powermetrics                       8581   7.57      7.57       10.40  0.00    0.00               0.99    0.00              0.00      
kernel_task                        0      23.23     23.23      0.00   468.49  0.00               1049.90 0.00              0.00      
GravityDigits                      59802  42.54     42.53      90.84  0.00    0.00               99.05   0.00              0.00      
DEAD_TASKS                         -1     24.10     24.10      39.01  0.00    0.00               0.00    0.00              0.00      
corespeechd                        1265   37.25     37.25      91.40  0.00    0.00               0.00    0.00              0.00      
backboardd                         59391  20.68     20.68      70.00  0.00    0.00               1.98    0.00              0.00      
codex                              4596   10.55     10.55      74.80  4.95    4.95               45.56   0.00              0.00      
logd                               529    16.73     16.73      37.82  0.00    0.00               0.00    0.00              0.00      
WindowManager                      941    14.67     14.67      91.76  0.00    0.00               0.00    0.00              0.00      
com.nordvpn.macos.Shield           820    17.05     17.05      59.22  98.06   0.00               393.22  0.00              0.00      
diagnosticd                        59423  9.33      9.33       53.95  0.00    0.00               0.00    0.00              0.00      
spotlightknowledged.updater        83354  9.82      9.82       58.97  0.00    0.00               0.00    0.00              0.00      
SimRenderServer                    59361  11.91     11.91      51.08  0.00    0.00               0.99    0.00              0.00      
SimMetalHost                       59362  10.08     10.08      47.72  0.00    0.00               0.99    0.00              0.00      
SimMetalHost                       59364  9.24      9.24       46.74  0.00    0.00               0.99    0.00              0.00      
diagnosticd                        56287  5.53      5.53       66.21  0.00    0.00               0.00    0.00              0.00      
pidinfo                            5364   3.21      3.21       61.08  0.00    0.00               0.00    0.00              0.00      
cfprefsd                           848    0.68      0.68       45.78  0.00    0.00               0.00    0.00              0.00      
corespotlightd                     1035   3.95      3.95       64.24  0.00    0.00               0.00    0.00              0.00      
com.apple.CodeSigningHelper        702    3.06      3.06       25.37  0.00    0.00               0.00    0.00              0.00      
airportd                           671    3.02      3.02       62.38  0.00    0.00               1.98    0.00              0.00      
clocksyncd                         660    2.90      2.90       31.12  0.00    0.00               0.99    0.00              0.00      
cfprefsd                           604    0.45      0.45       37.19  0.00    0.00               0.00    0.00              0.00      
notifyd                            595    1.38      1.38       72.97  0.00    0.00               0.00    0.00              0.00      
corespeechd                        59563  3.48      3.48       75.57  0.00    0.00               9.90    0.00              0.00      
opendirectoryd                     570    1.81      1.81       35.22  0.00    0.00               0.00    0.00              0.00      
sysextd                            634    2.00      2.00       75.12  0.00    0.00               0.00    0.00              0.00      
com.apple.DriverKit-AppleBCMWLAN   729    2.18      2.18       64.17  0.00    0.00               14.86   0.00              0.00      
FireWally                          2364   1.67      1.67       23.86  0.00    0.00               0.99    0.00              0.00      
ControlCenter                      1277   1.55      1.55       66.31  0.00    0.00               0.99    0.00              0.00      
trustd                             635    1.27      1.27       88.21  0.00    0.00               0.00    0.00              0.00      
NordVPN                            2368   1.38      1.38       67.48  0.00    0.00               44.57   0.00              0.00      
corebrightnessd                    597    0.88      0.88       51.71  0.00    0.00               0.99    0.00              0.00      
DeepL                              2410   1.09      1.09       76.85  0.00    0.00               10.90   0.00              0.00      
symptomsd                          673    0.70      0.70       71.13  0.00    0.00               0.99    0.00              0.00      
distnoted                          585    0.53      0.53       47.24  0.00    0.00               0.00    0.00              0.00      
SetStoreUpdateService              5365   0.61      0.61       43.38  0.00    0.00               0.00    0.00              0.00      
fseventsd                          534    0.79      0.79       23.28  0.00    0.00               2.97    0.00              0.00      
distnoted                          843    0.50      0.50       91.58  0.00    0.00               0.00    0.00              0.00      
fileproviderd                      1002   0.46      0.46       63.71  0.00    0.00               4.95    0.00              0.00      
bluetoothd                         594    0.34      0.34       51.64  0.00    0.00               1.98    0.00              0.00      
assistantd                         59372  0.44      0.44       46.33  0.00    0.00               9.90    0.00              0.00      
Carousel                           59370  0.39      0.39       36.67  0.00    0.00               10.90   0.00              0.00      
Finder                             2317   0.32      0.32       52.33  0.00    0.00               0.00    0.00              0.00      
locationd                          577    0.33      0.33       69.04  0.00    0.00               0.99    0.00              0.00      
1Password                          2390   0.26      0.26       82.90  0.00    0.00               0.99    0.00              0.00      
logd                               59369  0.27      0.27       56.14  0.00    0.00               0.00    0.00              0.00      
gamecontrolleragentd               1273   0.24      0.24       25.48  0.00    0.00               1.98    0.00              0.00      
NTKFaceSnapshotService             59821  0.17      0.17       44.07  0.00    0.00               4.95    0.00              0.00      
mDNSResponder                      652    0.21      0.21       70.76  1.98    0.00               4.95    0.00              0.00      
PerfPowerServices                  587    0.18      0.18       71.44  0.00    0.00               0.00    0.00              0.00      
mds                                558    0.16      0.16       56.10  0.00    0.00               1.98    0.00              0.00      
duetexpertd                        1133   0.16      0.16       69.21  0.00    0.00               0.00    0.00              0.00      
parsecd                            1197   0.09      0.09       19.77  0.00    0.00               0.99    0.00              0.00      
distnoted                          925    0.07      0.07       37.13  0.00    0.00               0.00    0.00              0.00      
distnoted                          795    0.07      0.07       36.97  0.00    0.00               0.00    0.00              0.00      
heard                              2331   0.08      0.08       60.50  0.00    0.00               0.99    0.00              0.00      
distnoted                          2879   0.07      0.07       36.53  0.00    0.00               0.00    0.00              0.00      
distnoted                          1062   0.07      0.07       39.23  0.00    0.00               0.00    0.00              0.00      
1Password Helper                   2430   0.11      0.11       78.69  0.00    0.00               0.99    0.00              0.00      
distnoted                          740    0.07      0.07       38.36  0.00    0.00               0.00    0.00              0.00      
distnoted                          893    0.07      0.07       39.20  0.00    0.00               0.00    0.00              0.00      
distnoted                          1121   0.07      0.07       37.50  0.00    0.00               0.00    0.00              0.00      
distnoted                          721    0.07      0.07       38.41  0.00    0.00               0.00    0.00              0.00      
distnoted                          755    0.07      0.07       38.22  0.00    0.00               0.00    0.00              0.00      
distnoted                          1248   0.07      0.07       42.77  0.00    0.00               0.00    0.00              0.00      
distnoted                          690    0.07      0.07       52.56  0.00    0.00               0.00    0.00              0.00      
distnoted                          2960   0.07      0.07       38.39  0.00    0.00               0.00    0.00              0.00      
distnoted                          56369  0.07      0.07       39.82  0.00    0.00               0.00    0.00              0.00      
distnoted                          694    0.06      0.06       40.59  0.00    0.00               0.00    0.00              0.00      
distnoted                          46034  0.07      0.07       39.07  0.00    0.00               0.00    0.00              0.00      
distnoted                          1099   0.07      0.07       36.42  0.00    0.00               0.00    0.00              0.00      
distnoted                          812    0.06      0.06       39.09  0.00    0.00               0.00    0.00              0.00      
distnoted                          787    0.06      0.06       39.90  0.00    0.00               0.00    0.00              0.00      
distnoted                          1548   0.06      0.06       39.44  0.00    0.00               0.00    0.00              0.00      
thermalmonitord                    567    0.09      0.09       57.48  0.00    0.00               0.99    0.00              0.00      
Google Drive                       2419   0.10      0.10       46.71  0.00    0.00               1.98    0.00              0.00      
distnoted                          875    0.06      0.06       41.72  0.00    0.00               0.00    0.00              0.00      
distnoted                          918    0.06      0.06       39.81  0.00    0.00               0.00    0.00              0.00      
remotepairingd                     4657   0.05      0.05       31.26  0.00    0.00               0.99    0.00              0.00      
locationd                          59395  0.05      0.05       57.23  0.00    0.00               0.99    0.00              0.00      
cameracaptured                     747    0.04      0.04       34.45  0.00    0.00               1.98    0.00              0.00      
Siri AI                            2325   0.03      0.03       23.58  0.00    0.00               0.99    0.00              0.00      
syslogd                            565    0.03      0.03       24.54  0.00    0.00               0.99    0.00              0.00      
dasd                               581    0.03      0.03       33.05  0.00    0.00               0.99    0.00              0.00      
AOUMonitor                         2336   0.04      0.04       53.58  0.00    0.00               1.98    0.00              0.00      
imagent                            1000   0.03      0.03       17.81  0.00    0.00               0.99    0.00              0.00      
askpermissiond                     2344   0.04      0.04       16.04  0.00    0.00               0.99    0.00              0.00      
healthd                            59381  0.03      0.03       24.58  0.00    0.00               0.99    0.00              0.00      
SimMetalHost                       59363  0.03      0.03       21.97  0.00    0.00               0.99    0.00              0.00      
photolibraryd                      985    0.03      0.03       24.20  0.00    0.00               0.99    0.00              0.00      
SimMetalHost                       59365  0.02      0.02       22.58  0.00    0.00               0.99    0.00              0.00      
replayd                            1232   0.03      0.03       24.86  0.00    0.00               0.99    0.00              0.00      
sharingd                           997    0.04      0.04       76.37  0.00    0.00               0.00    0.00              0.00      
com.apple.WebKit.GPU               2452   0.02      0.02       21.44  0.00    0.00               0.99    0.00              0.00      
nesessionmanager                   578    0.02      0.02       35.14  0.00    0.00               0.99    0.00              0.00      
wifip2pd                           800    0.03      0.03       54.83  0.00    0.00               0.00    0.00              0.00      
launchservicesd                    572    0.02      0.02       43.22  0.00    0.00               0.00    0.00              0.00      
mDNSResponderHelper                696    0.01      0.01       47.25  0.00    0.00               0.99    0.00              0.00      
com.apple.audio.Core-Audio-Drive   760    0.01      0.01       31.46  0.00    0.00               0.99    0.00              0.00      
ALL_TASKS                          -2     2158.33   2158.33    64.07  622.98  5.94               2411.69 0.00              0.00      
